%YAML:1.0
    intrinsicMatrix1: !!opencv-matrix
        rows: 3
        cols: 3
        dt: f
        data: [ 412.496010, 0.000000, 164.230733, 
            0.000000, 413.744269, 125.465532, 0.000000, 
            0.000000, 1.000000]
