%YAML:1.0
    intrinsicMatrix2: !!opencv-matrix
        rows: 3
        cols: 3
        dt: f
        data: [ 413.403316, 0.000000, 166.090609, 
            0.000000, 414.820463, 116.200685, 0.000000, 
            0.000000, 1.000000]
