%YAML:1.0
    rotationOfCamera2: !!opencv-matrix
        rows: 3
        cols: 3
        dt: f
        data: [ 0.999106, 0.007278, 0.041641, 
            -0.006618, 0.999851, -0.015972, -0.041751, 
            0.015682, 0.999005]
