%YAML:1.0
    intrinsicMatrix1: !!opencv-matrix
        rows: 3
        cols: 3
        dt: f
        data: [ 426.494780, 0.000000, 165.520374, 
            0.000000, 427.980491, 127.238853, 0.000000, 
            0.000000, 1.000000]
