%YAML:1.0
    rotationOfCamera2: !!opencv-matrix
        rows: 3
        cols: 3
        dt: f
        data: [ 0.999429, -0.000794, 0.033778, 
            0.001366, 0.999856, -0.016909, -0.033759, 
            0.016946, 0.999286]
