%YAML:1.0
    distortionCoefficients1: !!opencv-matrix
        rows: 1
        cols: 5
        dt: f
        data: [ -0.015662, 1.218447, 0.000000, 
            0.000000, 0.000000]
