%YAML:1.0
    intrinsicMatrix2: !!opencv-matrix
        rows: 3
        cols: 3
        dt: f
        data: [ 424.901746, 0.000000, 165.464482, 
            0.000000, 426.117198, 119.415013, 0.000000, 
            0.000000, 1.000000]
